56.34%		
56.29%		
56.29%		
57.15%		
57.15%		
57.15%		
57.10%		
57.15%		
57.15%		
68.78		
68.78		
68.78		
68.78		
68.78		
68.78		
68.78		
68.78		
68.78		
68.78		
68.73		
68.73		
68.78		
68.73		
68.73		
68.78		
68.78		
68.78		
68.78		
68.78		
68.78		
68.78		
68.78		
68.78		
68.78		
68.78		
68.78		
68.78		
68.78		
68.78		
68.78		
68.78		
68.78		
68.78		
68.78		
68.78		
68.78		
68.78		
68.78		
68.78		
68.78		
68.78		
68.78		
68.78		
68.78		
68.78		
68.78		
68.78		
68.78		
68.78		
68.78		
68.83		
68.83		
68.83		
68.78		
68.78		
68.78		
68.78		
68.78		
68.78		
68.78		
68.78		
68.78		
68.78		
68.78		
68.78		
68.78		
68.78		
68.78		
68.83		
68.83		
68.83		
68.83		
68.83		
68.83		
68.78		
68.78		
68.83		
68.83		
68.83		
68.83		
68.83		
68.78		
68.78		
68.83		
68.78		
68.78		
68.83		
68.83		
68.83		
68.83		
68.83		
68.83		
68.83		
68.83		
68.83		
68.83		
68.83		
68.83		
68.83		
68.83		
68.83		
68.83		
68.78		
68.78		
68.83		
68.78		
68.78		
68.78		
68.78		
68.78		
68.78		
68.78		
68.78		
68.78		
68.78		
68.78		
69.23		
69.23		
69.23		
69.28		
69.28		
69.28		
69.23		
69.23		
69.23		
69.23		
69.23		
69.23		
69.23		
69.23		
69.23		
69.23		
69.23		
69.23		
69.23		
69.23		
69.23		
69.28		
69.23		
69.23		
69.23		
69.23		
69.23		
69.23		
69.23		
69.23		
69.23		
69.23		
69.23		
69.23		
69.23		
69.23		
69.23		
69.23		
69.23		
69.23		
69.23		
69.23		
69.23		
69.23		
69.23		
69.23		
69.23		
69.23		
69.23		
69.23		
69.23		
69.23		
69.23		
69.23		
69.28		
69.28		
69.28		
69.28		
69.28		
69.28		
69.28		
69.28		
69.28		
69.28		
69.39		
69.34		
69.28		
69.28		
69.18		
69.18		
69.18		
69.18		
69.18		
69.18		
69.18		
69.18		
69.18		
69.18		
69.13		
69.13		
69.13		
69.13		
69.13		
69.13		
69.13		
69.13		
69.13		
69.13		
69.13		
69.13		
69.13		
69.13		
69.13		
69.13		
69.13		
69.13		
69.13		
69.13		
69.13		
69.13		
69.23		
69.23		
69.44		
69.44		
69.44		
69.44		
69.44		
69.49		
69.49		
69.49		
69.49		
69.49		
69.49		
69.49		
69.49		
69.49		
69.49		
69.49		
69.49		
69.49		
69.49		
69.49		
69.49		
69.44		
69.44		
69.49		
69.44		
69.44		
69.44		
69.44		
69.44		
69.49		
69.44		
69.44		
69.44		
69.44		
69.44		
69.44		
69.44		
69.44		
69.49		
69.49		
69.49		
69.49		
69.49		
69.49		
69.49		
69.49		
69.49		
69.49		
69.49		
69.49		
69.59		
69.59		
69.59		
69.59		
69.59		
69.59		
69.64		
69.64		
69.64		
69.64		
69.64		
69.64		
69.64		
69.64		
69.64		
69.64		
69.64		
69.64		
69.64		
69.64		
69.64		
69.59		
69.59		
69.59		
69.64		
69.59		
69.59		
69.59		
69.59		
69.59		
69.59		
69.59		
69.59		
69.64		
69.64		
69.64		
69.59		
69.59		
69.59		
69.64		
69.64		
69.64		
69.64		
69.59		
69.59		
69.64		
69.59		
69.59		
69.59		
69.59		
69.59		
69.59		
69.59		
69.59		
69.64		
69.64		
69.64		
69.64		
69.64		
69.64		
69.64		
69.64		
69.64		
69.64		
69.64		
69.64		
69.64		
69.64		
69.64		
69.64		
69.64		
69.64		
69.64		
69.64		
69.64		
69.64		
69.64		
69.64		
69.64		
69.64		
69.64		
69.64		
69.64		
69.64		
69.64		
69.64		
69.64		
69.64		
69.64		
69.64		
69.64		
69.64		
69.64		
69.64		
69.64		
69.64		
69.64		
69.64		
69.64		
69.64		
69.64		
69.64		
69.64		
69.64		
69.64		
69.69		
69.64		
69.64		
69.69		
69.69		
69.69		
69.69		
69.69		
69.69		
69.69		
69.69		
69.69		
69.69		
69.69		
69.69		
69.69		
69.69		
69.69		
69.69		
69.69		
69.69		
69.69		
69.69		
69.69		
69.69		
69.69		
69.69		
69.69		
69.69		
69.69		
69.69		
69.69		
69.69		
69.69		
69.69		
69.69		
69.69		
69.69		
69.69		
69.69		
69.69		
69.69		
69.69		
69.69		
69.69		
69.69		
69.69		
69.69		
69.69		
69.69		
69.69		
69.69		
69.69		
68.83		
68.83		
68.83		
68.83		
68.83		
68.83		
68.83		
68.83		
68.83		
68.83		
68.83		
68.83		
68.83		
68.83		
68.83		
68.83		
68.83		
68.83		
68.83		
68.83		
68.83		
68.83		
68.83		
68.83		
68.83		
68.83		
68.83		
68.83		
68.83		
68.83		
68.83		
68.83		
68.83		
68.83		
68.83		
68.83		
68.83		
68.83		
68.83		
68.88		
68.83		
68.83		
68.83		
68.83		
68.83		
68.83		
68.83		
68.83		
68.83		
68.83		
68.83		
68.93		
68.88		
68.88		
68.93		
68.88		
68.88		
68.88		
68.88		
68.88		
68.88		
68.88		
68.88		
68.88		
68.88		
68.88		
68.88		
68.88		
68.88		
68.88		
68.88		
68.88		
68.88		
68.88		
68.88		
68.88		
68.88		
68.88		
68.88		
68.88		
68.93		
68.93		
68.93		
68.93		
68.93		
68.93		
68.93		
68.88		
68.88		
68.88		
68.93		
68.93		
68.93		
68.93		
68.93		
68.93		
68.93		
68.93		
68.93		
68.93		
68.93		
68.93		
68.98		
68.98		
68.98		
68.98		
68.98		
68.98		
68.98		
68.98		
68.98		
68.98		
68.98		
68.98		
68.93		
68.93		
68.93		
68.98		
68.93		
68.93		
68.93		
68.93		
68.93		
68.93		
68.93		
68.93		
68.93		
68.93		
68.93		
68.98		
68.93		
68.93		
68.98		
68.98		
68.98		
68.98		
68.98		
68.98		
68.98		
68.98		
68.98		
68.98		
68.98		
68.98		
68.93		
68.93		
68.93		
68.98		
68.98		
68.98		
68.98		
68.98		
68.98		
69.03		
69.03		
69.03		
68.98		
68.98		
68.98		
68.98		
68.98		
68.98		
68.98		
68.98		
68.98		
68.98		
68.98		
68.98		
68.98		
68.98		
68.98		
68.98		
68.98		
68.98		
68.98		
68.98		
68.98		
68.98		
68.98		
68.98		
68.98		
68.98		
68.98		
68.98		
68.98		
68.98		
68.98		
68.98		
68.98		
68.98		
68.98		
68.98		
68.98		
68.98		
68.98		
68.98		
68.98		
68.98		
68.98		
68.98		
68.98		
68.98		
68.98		
68.98		
68.98		
69.03		
69.03		
69.03		
69.03		
69.03		
69.03		
69.03		
69.03		
69.03		
69.03		
69.03		
69.03		
69.03		
69.03		
69.03		
69.03		
69.03		
69.03		
69.03		
69.03		
69.03		
69.03		
69.03		
69.03		
69.03		
69.03		
69.03		
69.03		
69.03		
69.03		
69.03		
69.03		
69.03		
69.03		
69.03		
69.03		
69.03		
69.03		
69.03		
69.03		
69.03		
69.03		
69.03		
69.03		
69.03		
69.03		
69.03		
69.03		
69.03		
69.03		
69.03		
69.03		
69.03		
69.08		
69.08		
69.08		
69.08		
69.08		
69.08		
69.08		
69.08		
69.08		
69.08		
69.08		
69.08		
69.08		
69.08		
69.08		
69.08		
69.08		
69.08		
69.08		
69.08		
69.08		
69.08		
69.08		
69.08		
69.08		
69.08		
69.08		
69.08		
69.08		
69.08		
69.08		
69.08		
69.08		
69.08		
69.08		
69.08		
69.08		
69.08		
69.08		
69.08		
69.08		
69.08		
69.08		
69.08		
69.08		
69.08		
69.08		
69.08		
69.08		
69.08		
69.08		
69.13		
69.13		
69.13		
69.13		
69.13		
69.13		
69.13		
69.13		
69.13		
69.13		
69.13		
69.13		
69.13		
69.13		
69.13		
69.13		
69.13		
69.13		
69.13		
69.13		
69.13		
69.13		
69.13		
69.13		
69.13		
69.13		
69.13		
69.13		
69.13		
69.13		
69.13		
69.13		
69.13		
69.13		
69.13		
69.13		
69.13		
69.13		
69.13		
69.13		
69.13		
69.13		
69.13		
69.13		
69.13		
69.13		
69.13		
69.13		
69.13		
69.13		
69.13		
69.18		
69.18		
69.18		
69.18		
69.18		
69.18		
69.18		
69.18		
69.18		
69.18		
69.18		
69.18		
69.18		
69.18		
69.18		
69.18		
69.18		
69.18		
69.18		
69.18		
69.18		
69.13		
69.13		
69.13		
69.13		
69.13		
69.13		
69.13		
69.13		
69.13		
69.18		
69.13		
69.13		
69.18		
69.18		
69.18		
69.13		
69.13		
69.13		
69.13		
69.13		
69.13		
69.13		
69.13		
69.13		
69.13		
69.13		
69.13		
69.13		
69.13		
69.13		
69.18		
69.18		
69.18		
69.18		
69.18		
69.18		
69.18		
69.18		
69.18		
69.18		
69.18		
69.18		
70.24		
69.23		
69.23		
69.18		
69.18		
69.18		
69.23		
69.18		
69.18		
69.18		
69.18		
69.18		
69.18		
69.18		
69.18		
69.18		
69.18		
69.18		
69.23		
69.18		
69.18		
69.18		
69.18		
69.18		
69.18		
69.18		
69.18		
69.23		
69.18		
69.18		
69.23		
69.23		
69.23		
69.18		
69.18		
69.18		
69.18		
69.23		
69.23		
69.23		
69.23		
69.23		
69.23		
69.23		
69.23		
69.23		
69.23		
69.23		
69.23		
69.23		
69.23		
69.23		
69.23		
69.23		
69.23		
69.23		
69.23		
69.23		
69.23		
69.23		
69.23		
69.23		
69.23		
69.23		
69.23		
69.23		
69.23		
69.23		
69.23		
69.23		
69.23		
69.23		
69.23		
69.23		
69.23		
69.23		
69.23		
69.23		
69.23		
69.23		
69.23		
69.23		
69.23		
69.23		
69.23		
69.23		
69.23		
69.23		
69.23		
69.23		
69.28		
69.28		
69.28		
69.28		
69.28		
69.28		
69.28		
69.28		
69.28		
69.28		
69.28		
69.28		
69.28		
69.28		
69.28		
69.28		
69.28		
69.28		
69.28		
69.28		
69.28		
69.28		
69.28		
69.28		
69.28		
69.28		
69.28		
69.28		
69.28		
69.28		
69.28		
69.28		
69.28		
69.28		
69.28		
69.28		
69.28		
69.28		
69.28		
69.28		
69.28		
69.28		
69.28		
69.28		
69.28		
69.28		
69.28		
69.28		
69.28		
69.28		
69.28		
69.28		
69.28		
69.28		
69.34		
69.34		
69.34		
69.34		
69.34		
69.34		
69.34		
69.34		
69.34		
69.34		
69.34		
69.34		
69.34		
69.34		
69.34		
69.34		
69.34		
69.34		
69.34		
69.34		
69.34		
69.34		
69.34		
69.34		
69.34		
69.34		
69.34		
69.34		
69.34		
69.34		
69.34		
69.34		
69.34		
69.34		
69.34		
69.34		
69.34		
69.34		
69.34		
69.34		
69.34		
69.44		
69.34		
69.34		
69.34		
69.34		
69.34		
69.34		
69.34		
69.39		
69.39		
69.39		
69.39		
69.39		
69.39		
69.39		
69.39		
69.39		
69.39		
69.39		
69.39		
69.39		
69.39		
69.39		
69.39		
69.39		
69.39		
69.39		
69.39		
69.39		
69.39		
69.39		
69.39		
69.39		
69.39		
69.39		
69.39		
69.39		
69.39		
69.39		
69.39		
69.39		
69.39		
69.39		
69.39		
69.39		
69.39		
69.39		
69.39		
69.39		
69.39		
69.39		
69.39		
69.39		
69.39		
69.39		
69.39		
69.39		
69.39		
69.39		
69.39		
69.39		
69.44		
69.44		
69.44		
69.44		
69.44		
69.44		
69.44		
69.44		
69.44		
69.44		
69.44		
69.44		
69.44		
69.44		
69.54		
69.54		
69.54		
69.59		
